[◁◁◁◁◁◁◁◁](./index.html)

|||Player|SS|
|:-|:-|:-|
|1|MouseEasy|98.41%|166382|15245|301|1810|1860
|2|Kurumiw|97.84%|104430|14571|18|429|722
|3|MINHOCA LOKA|97.69%|105778|13916|17|323|696
|4|Skycries|99.15%|133380|13803|559|497|320
|5|Coreanmaluco|98.42%|340921|13532|1275|4916|1540
|6|Yuuzinho|98.86%|226649|13429|250|1939|1578
|7|xxluizxx47|98.70%|136353|13204|256|1418|1647
|8|NoSin|97.75%|70865|12721|138|1194|1307
|9|- DARK -|99.14%|120176|12578|125|1275|1686
|10|NovatoKing|98.16%|62759|12485|28|893|2470
|11|Juh|98.51%|105422|12439|56|616|1805
|12|Mystia|99.01%|195206|12255|261|1190|1455
|13|niii_san|98.93%|159171|12221|650|3195|1386
|14|Zekker|98.76%|112904|11970|893|836|977
|15|httd|97.49%|88661|11815|31|1038|1516
|16|Sakayaneegi|99.31%|144248|11771|234|1791|451
|17|SAPIN_|98.80%|132938|11740|63|423|896
|18|Idealism|98.42%|107532|11565|108|1857|1448
|19|Porbinhos|97.99%|74018|11541|19|339|759
|20|TlAGOBABUM|98.62%|157641|11509|1560|3174|1534
|21|Sanjilift|97.79%|205989|11435|49|1425|1345
|22|KingKitsaer|98.33%|108166|11399|22|220|431
|23|henrique2412|98.74%|43501|11362|45|412|794
|24|CYREZ|98.29%|63941|11231|198|1409|610
|25|Shanghai|97.52%|40391|11145|26|367|453
|26|Yellowl|99.58%|100193|11091|250|1268|468
|27|Sickoh|98.55%|134944|10972|62|750|876
|28|weak|98.09%|89821|10972|68|893|2307
|29|AlphexX|98.48%|76698|10919|85|589|1157
|30|Suva|97.92%|205821|10894|114|1475|1344
|31|leozinhoo|98.66%|63148|10833|29|603|970
|32|Dafonz|98.66%|57411|10760|42|791|1004
|33|Mismagius|98.37%|169176|10635|522|5160|1013
|34|Mirtrax|96.62%|104232|10545|19|713|1092
|35|Last Sonata|97.28%|82698|10506|37|673|968
|36|Miyukioo|99.14%|49739|10485|92|720|585
|37|Gaiava|98.68%|101722|10482|37|1590|1497
|38|Astris|98.89%|218226|10418|65|1177|2172
|39|- Emerald|98.58%|100409|10394|27|727|1228
|40|KeikoL|98.06%|85319|10387|25|478|922
|41|Fenrir|99.47%|97270|10364|332|2433|695
|42|Texats|98.71%|113573|10341|83|1579|1344
|43|milim|98.47%|63260|10320|33|751|1021
|44|IoahimLow|97.16%|72434|10306|22|654|1067
|45|melancholia|98.70%|99704|10275|58|1087|927
|46|Ghossert|99.37%|60331|10201|17|407|711
|47|Stardust|99.37%|100393|10178|168|1513|1509
|48|Lincoln|98.65%|150484|10132|503|788|1849
|49|SWAKE|99.31%|52892|10036|52|408|449
|50|despairy|98.65%|89120|10014|39|548|747
|51|kerex123|97.59%|64554|9984|79|489|740
|52|bro_gamer84|99.17%|60028|9922|26|402|481
|53|zubs|98.46%|159996|9908|48|286|315
|54|Lokito|98.43%|62172|9875|8|258|516
|55|Dinilsu|97.68%|125893|9855|44|465|1335
|56|Katsuragi Keima|98.38%|98398|9838|30|850|1317
|57|CIay|98.93%|90790|9811|82|788|684
|58|rinuu|97.81%|53434|9798|63|795|798
|59|luis10barbo|98.65%|72846|9765|43|701|4226
|60|Flor|97.80%|33851|9747|11|112|330
|61|-Mush-|97.73%|62879|9738|30|474|583
|62|- Best|98.27%|147919|9733|19|555|1087
|63|NEURONIO|98.99%|94021|9680|171|1366|1550
|64|Sooki|98.69%|143583|9674|24|1039|1602
|65|Fastz|98.27%|68072|9654|131|748|617
|66|LarLarLar|97.67%|88287|9643|10|418|527
|67|CocaSlayer|97.36%|38903|9631|5|81|387
|68|MetomBr|98.03%|114305|9629|17|885|1215
|69|Darkk|98.56%|96706|9532|82|1002|1382
|70|Mind|98.83%|163160|9510|116|952|1342
|71|VitorSkull|98.32%|69403|9488|28|755|1160
|72|LukasBobeax|99.77%|79552|9486|237|777|79
|73|Akane Hime|98.79%|88285|9442|389|3197|1046
|74|TIAG0BABUM|98.14%|32714|9404|41|192|378
|75|preisteixo|99.00%|35626|9353|29|1065|1936
|76|[- ZiinHG -]|97.91%|118883|9323|49|720|1457
|77|Katrion|97.86%|50655|9308|22|418|918
|78|Rosaria|98.95%|108029|9292|618|1264|776
|79|alexdoong|94.16%|100356|9289|7|313|630
|80|Chrystian|98.19%|173165|9285|18|538|1677
|81|Moeta|98.04%|82686|9273|21|845|1576
|82|Floaddy|99.21%|52756|9258|284|1031|380
|83|Crimson Dragon|99.21%|94949|9256|126|1447|1672
|84|gilherme boulos|98.91%|123426|9233|69|2293|1785
|85|Cailus|97.48%|69018|9231|20|365|530
|86|Miwari|99.09%|89418|9218|903|936|779
|87|Polaco|98.89%|120585|9216|268|2006|1236
|88|yNyash72|97.94%|29942|9182|117|1468|1558
|89|ToyBreak|97.75%|127655|9139|40|517|819
|90|vyynnyy12|96.79%|55703|9137|33|612|717
|91|Serra|98.12%|143931|9127|41|935|1610
|92|YAMAT0|98.71%|85277|9119|85|698|1159
|93|KaZuoo|99.03%|44582|9104|37|690|762
|94|Tsumetai Tenshi|98.86%|149745|9098|68|971|882
|95|RafaelXDP|98.55%|75731|9095|129|1532|1109
|96|Zenvio|98.17%|156788|9087|30|628|983
|97|Checha|100.00%|120023|9085|4551|324|346
|98|headphone|98.28%|76850|9067|28|633|782
|99|Toninhosu|99.15%|54537|9066|84|632|536
|100|Dada|99.53%|76334|9044|950|3785|1922
|101|Procedeus|99.03%|64234|9004|230|1172|612
|102|ZazaFavela|99.44%|132014|8955|57|668|1102
|103|helpmeplease1|98.54%|81739|8952|82|872|906
|104|Pengzy|99.56%|76212|8946|232|898|531
|105|darkeae|97.79%|51165|8925|23|403|738
|106|_Taiki|98.60%|89599|8859|58|565|900
|107|Dokie|98.86%|197375|8832|58|1314|1172
|108|Gabe5765|98.23%|60607|8820|93|436|288
|109|popera|97.66%|71233|8816|32|880|2837
|110|sunosz|98.52%|109314|8809|130|2114|2411
|111|Luccachu|98.57%|72643|8781|21|356|1309
|112|Roberto|98.75%|79820|8770|79|911|1235
|113|RafaaHS|98.34%|67984|8752|16|188|694
|114|Tell|99.45%|35499|8740|74|917|1033
|115|-Alone-|98.46%|103898|8683|104|903|1831
|116|norbertosnt3|98.90%|88836|8678|68|1145|1070
|117|Sorixx|99.33%|85141|8671|57|925|1639
|118|gFR|97.38%|122907|8660|19|438|971
|119|xKirito|98.45%|57429|8638|212|824|1729
|120|Schach|98.07%|109083|8638|48|1396|1807
|121|Notsuren|98.68%|99140|8636|50|387|602
|122|speed|98.12%|117274|8622|30|321|771
|123|caua|99.01%|53988|8620|109|1282|1004
|124|dark on osu|98.28%|66960|8611|38|838|948
|125|Kafumii|98.92%|77029|8605|16|253|748
|126|Cang Yue|97.75%|75070|8596|55|833|1041
|127|lorenzo101122|97.57%|62275|8584|35|510|758
|128|Saewon|99.24%|190718|8564|219|814|908
|129|Brunows11|98.81%|51210|8541|87|899|825
|130|Karausw|97.54%|25106|8541|23|182|266
|131|Vvdc|97.67%|75266|8538|43|387|1011
|132|Delou|98.29%|65676|8526|50|853|1005
|133|kannyaws|98.90%|93841|8514|47|1290|1461
|134|Seikosei|99.00%|121257|8504|115|771|556
|135|1080p|98.69%|136590|8491|35|888|1120
|136|Ashtar|99.13%|72934|8487|108|1848|291
|137|Pianisuto|99.10%|44371|8466|53|811|1620
|138|- Ruby|99.02%|82755|8459|50|600|965
|139|Arestark|98.50%|68262|8446|19|391|562
|140|Bieuzineo|99.02%|68898|8434|29|826|1396
|141|Igor Cabra|98.76%|68835|8430|13|100|245
|142|Pooru-san|97.70%|96064|8430|66|610|1110
|143|MrLucas|98.18%|53955|8419|12|477|773
|144|Creper|99.02%|113095|8413|58|913|1151
|145|Enki|96.33%|72383|8397|8|268|1172
|146|Donovan|98.78%|101969|8396|58|789|1162
|147|Hettica|99.18%|133464|8385|143|1345|2553
|148|SasukeJPP|98.92%|62105|8380|105|570|237
|149|[ Vitor ]|98.59%|75240|8370|57|645|1086
|150|Felop|97.84%|74591|8356|10|586|1786
|151|Sosty|98.13%|67057|8336|82|649|1580
|152|Leaum|97.48%|84596|8319|15|480|215
|153|Vagner019|97.78%|66236|8317|41|463|1351
|154|EuzinNaVida|95.21%|55944|8315|10|344|363
|155|Akcell10|97.71%|28632|8313|14|375|343
|156|saito s2|97.29%|76354|8277|33|901|1041
|157|manfredo|99.17%|82321|8245|36|472|1158
|158|-Milky-|98.96%|55996|8245|37|1224|1553
|159|Nyaki|97.99%|87491|8218|36|425|361
|160|KumaSlayer|98.63%|57894|8213|164|1085|682
|161|Nukrid|99.08%|118796|8212|204|1382|1137
|162|Luisiho|99.03%|56047|8207|154|1573|1240
|163|oTs-Joaka|98.97%|95484|8206|73|915|2290
|164|RayqF5|99.17%|73018|8191|39|773|1303
|165|himuy3|99.86%|172286|8161|2750|649|82
|166|LucarBonnie|98.25%|63763|8159|44|380|611
|167|Kemosapei|97.83%|73825|8151|32|999|1530
|168|MatheuZiz|99.14%|72672|8150|40|359|582
|169|[ Max ]|98.85%|149627|8146|52|599|515
|170|est|98.44%|26694|8140|73|1162|1119
|171|Draell|98.75%|99217|8124|505|1153|1334
|172|Zubreska|98.68%|130874|8122|39|353|464
|173|LakayForce|98.07%|115738|8115|310|922|1034
|174|Moete|99.08%|152600|8111|127|1551|1428
|175|- M i r a i -|99.00%|57064|8074|28|543|680
|176|TheCoosmicX|98.94%|45290|8048|38|588|1299
|177|perneta23|94.37%|57723|8048|14|270|649
|178|Sordruther|99.25%|45548|8045|86|596|694
|179|Takuya Yamanaka|99.06%|94078|8031|197|2458|3096
|180|Imdiegod|99.16%|39410|8029|41|1082|384
|181|Myshiro Neko|99.08%|83467|8025|490|2956|2174
|182|ReadUmineko|98.96%|102620|8022|24|692|1722
|183|AGW|97.03%|32717|8015|7|140|629
|184|JoaoGMR|98.34%|69926|8000|14|379|536
|185|Maot|97.99%|135878|7988|18|684|1228
|186|potatat|98.63%|114218|7984|32|450|1168
|187|Shott|99.24%|197882|7981|90|1812|1755
|188|-Panday-|98.26%|74134|7966|14|659|927
|189|d-_-b|98.24%|75052|7946|220|813|1019
|190|Bielzaca|98.54%|83869|7946|41|563|1588
|191|Flow-|99.56%|66403|7936|281|1808|3633
|192|SrSkyPlayer|98.76%|67187|7931|119|1563|1183
|193|sushimi|98.66%|51441|7877|77|1290|1082
|194|Fow|98.41%|94329|7873|59|627|1011
|195|sat|98.43%|72397|7871|52|1422|1067
|196|Fawkes|99.23%|115532|7868|133|1404|1261
|197|Voltronn|99.38%|114816|7866|208|1419|2526
|198|Naxtu|98.53%|68679|7846|30|497|720
|199|Stormix|99.06%|81657|7843|83|976|822
|200|xGohanVaRj|97.86%|78976|7836|43|882|1287
|201|v i n i|97.78%|42951|7836|28|283|232
|202|zdh|98.38%|44118|7827|15|247|324
|203|Muge0108|98.69%|128719|7821|211|2430|2415
|204|Minpz|98.10%|100755|7821|71|1082|1328
|205|sirusi|98.88%|73872|7818|68|827|2031
|206|Aphro|98.24%|77004|7816|123|929|1056
|207|Uchirrod|98.46%|58256|7782|38|1015|2459
|208|Take no Hana|99.03%|106888|7780|97|891|2110
|209|Sathanone|98.45%|78425|7778|63|753|471
|210|deltaowo|97.89%|106582|7775|91|415|717
|211|- Stum -|98.26%|31858|7774|11|227|639
|212|Lu1zinha|98.73%|35013|7769|22|389|397
|213|Hanik|98.03%|65743|7763|85|959|1531
|214|Forza|96.90%|47794|7760|22|261|346
|215|Fobenga|99.09%|70814|7759|161|1697|1458
|216|Furyy06|98.03%|57608|7754|13|199|766
|217|Jaguar|98.89%|102567|7744|88|1089|898
|218|Batmann248|98.51%|101141|7743|13|648|1012
|219|LeSombra|98.34%|48379|7736|6|343|439
|220|Keehs|99.02%|34768|7733|47|523|929
|221|-Brites-|97.36%|49911|7726|20|678|978
|222|Verdade|98.71%|155790|7713|2104|1115|2289
|223|Uzi|99.65%|97757|7710|164|868|1284
|224|RafaelTomb|99.08%|43661|7701|17|368|976
|225|Distant years|98.73%|49160|7687|73|1607|1158
|226|Aphorims|98.78%|64704|7687|87|1172|1086
|227|rockrick|99.29%|38941|7684|49|749|998
|228|Tomoya Kun|99.13%|121311|7675|126|754|1256
|229|dani on osu|96.78%|69362|7670|2|271|570
|230|[ Flashoky ]|98.02%|86610|7669|55|503|422
|231|Floatyy|99.29%|50882|7668|58|799|2603
|232|Snoumen|98.79%|30953|7662|14|538|725
|233|DedeH|98.32%|60438|7659|60|721|675
|234|deep senpai|98.68%|64347|7654|97|637|1764
|235|MyAngelYuuzinho|99.33%|181924|7645|58|676|651
|236|Betinho_RGLN|98.09%|65606|7645|51|628|1957
|237|MouseDrift|98.43%|63649|7630|9|434|1458
|238|Deffi|99.05%|64988|7615|39|404|771
|239|Michiru05|98.62%|33572|7613|22|284|689
|240|zXLeOoXz|99.43%|69392|7610|185|1350|1546
|241|7Stalker|98.83%|54535|7609|43|806|1190
|242|TikTak|98.99%|80223|7602|184|829|621
|243|Kamui-|97.00%|69980|7600|17|441|849
|244|Vcell|97.59%|98965|7599|37|703|813
|245|ThizuliScissors|96.69%|46334|7599|78|536|335
|246|NikkaVR|97.66%|47106|7595|10|115|582
|247|Mike Hawk|97.98%|92192|7582|19|313|349
|248|Juanvfx|99.17%|93140|7579|214|2295|2312
|249|daniel3k|98.67%|36387|7568|161|975|1399
|250|Podus|98.30%|141370|7565|182|1434|2515
|251|SillyFangirl|96.22%|37216|7558|30|714|892
|252|Ranpo|99.07%|108966|7536|19|768|1286
|253|hnrkk|97.85%|57137|7532|22|354|446
|254|Miucs|98.83%|93091|7532|183|986|777
|255|Skyme|98.97%|107025|7524|30|1174|1143
|256|Lanzhou|95.24%|53982|7514|12|133|177
|257|Circulo|98.54%|95116|7508|11|317|583
|258|-Slimeh-|95.57%|34282|7506|4|170|174
|259|ShowBR|99.13%|68130|7499|257|244|170
|260|HideZ|98.95%|124809|7495|162|4858|1805
|261|Lufu|98.65%|43014|7492|43|754|448
|262|Kowari|99.30%|98775|7481|335|1155|2676
|263|Akzews|99.42%|84000|7472|68|384|694
|264|Revz|98.94%|57506|7468|58|605|621
|265|Skydazi|97.72%|38995|7463|13|595|856
|266|Meii|99.11%|83341|7456|91|929|1104
|267|Glove|97.16%|48450|7452|8|315|585
|268|Kuroame|99.17%|96267|7449|84|1152|2585
|269|FoxzyLN|96.91%|25759|7441|25|329|401
|270|brunosche|99.08%|27927|7433|22|321|399
|271|AdryanDesu|97.68%|67204|7433|6|372|577
|272|yLuukzG0D|99.05%|35571|7430|56|569|679
|273|Nemesy|96.74%|46615|7406|38|864|1035
|274|JauumGOD|97.30%|103008|7405|34|1479|2449
|275|Crowleey|98.21%|79514|7402|40|879|1295
|276|- Nirayuki|99.14%|41041|7389|45|716|1756
|277|m0onlight|98.60%|41192|7383|16|492|571
|278|Fujiwara|98.27%|57996|7374|10|139|421
|279|fapazegg|98.48%|36469|7374|31|554|1295
|280|pwerus5|97.96%|55656|7373|106|1253|1626
|281|xenolism|98.03%|54445|7373|9|439|641
|282|rooodi|99.02%|84970|7368|38|609|676
|283|T_KaoruB|99.28%|52269|7363|25|887|1222
|284|iShawn|98.65%|24939|7360|32|247|505
|285|XGamerFeX|98.70%|56761|7358|24|557|580
|286|_Xanie|99.41%|69833|7356|89|640|627
|287|qyoh|97.95%|69186|7347|90|1184|2001
|288|Akaeboshi|98.37%|25608|7337|0|150|265
|289|Patchy|98.77%|43391|7321|68|462|365
|290|Pithersnw|97.85%|46434|7320|43|1615|4193
|291|Slow22|97.79%|42666|7316|75|838|726
|292|FlushyCS|98.12%|32669|7308|102|698|807
|293|victorsora|99.20%|6392|7308|29|262|104
|294|-TM|98.69%|54044|7299|30|550|657
|295|SpikePiason|98.76%|79589|7298|31|1684|2655
|296|Gabrilel|97.64%|70808|7289|33|491|711
|297|Little Sister|99.11%|152646|7287|583|3087|2511
|298|pacolism|98.56%|64915|7286|52|746|689
|299|- Kaizen -|99.01%|70276|7285|62|1180|825
|300|Hana Fubuki|98.98%|58510|7283|248|1315|3296
|301|xAsuna|97.04%|80264|7280|2|320|1370
|302|MegaPack|98.64%|30040|7279|22|423|542
|303|Coxinha|98.14%|30496|7270|13|452|1734
|304|Hawk225|95.90%|68780|7262|1|111|303
|305|Vinizalt|98.70%|80978|7260|20|676|877
|306|merqx|98.19%|41405|7256|42|345|554
|307|cafezin baum|97.74%|43251|7256|11|174|313
|308|Ayamarusa|98.91%|91606|7252|66|602|879
|309|Italo|98.74%|63652|7243|8|293|510
|310|Regou Fanboy|97.62%|54052|7241|20|267|915
|311|ChrisLemos|98.49%|66918|7240|12|199|984
|312|VeeReeLe|98.94%|33680|7235|25|659|1011
|313|MiinnuHD|98.35%|68000|7225|30|325|662
|314|Sailent|98.90%|24510|7221|8|380|699
|315|salsicha|98.05%|87008|7220|16|485|678
|316|yMaTy|99.06%|58871|7220|55|494|1238
|317|OrekiHoutarou|99.38%|93197|7220|179|1711|1359
|318|Foerster|98.74%|62366|7218|14|622|793
|319|Monim|94.17%|67380|7217|3|169|436
|320|bosta|99.13%|69653|7211|63|689|915
|321|Furyy07|98.30%|117108|7206|44|1038|1042
|322|Godoka|99.06%|86309|7205|97|1263|1474
|323|Aayn|99.34%|78168|7204|154|1137|2060
|324|Sakura Airi|98.98%|86327|7196|76|908|2181
|325|otakubruno|98.88%|48064|7196|49|288|289
|326|milenna|98.85%|67615|7182|151|1455|1548
|327|Blooo_03|97.92%|40846|7176|30|401|786
|328|Mamaefalei|97.67%|48982|7174|4|99|247
|329|elitezin|96.39%|72006|7169|24|225|546
|330|-uhnizuxeN-|98.50%|66392|7169|19|606|1211
|331|123erick|97.88%|29398|7166|25|338|342
|332|Cosseno|98.43%|107378|7155|103|1218|1931
|333|YumeZ|98.76%|35854|7144|13|553|707
|334|Lokjiiu|98.14%|57411|7135|42|483|723
|335|osu angola|98.86%|63688|7126|45|273|505
|336|Hctbi|98.11%|49954|7117|20|362|710
|337|Cubsphere|99.61%|62569|7116|68|841|706
|338|MengaloF|98.33%|50014|7113|44|734|762
|339|mikocon|99.13%|155309|7097|67|1065|2331
|340|DrDelirio|98.65%|199003|7095|45|557|1339
|341|CNP|99.05%|57100|7076|72|951|688
|342|Yorunaga|98.97%|52035|7074|41|840|1425
|343|Toni336|97.54%|53893|7073|105|359|830
|344|FlixDead|99.33%|53441|7065|13|229|1244
|345|Humishi|98.39%|55695|7061|48|526|1299
|346|Proteu|98.74%|26396|7060|17|438|649
|347|Blazi_Bits|98.80%|34396|7055|26|330|1164
|348|todybatata|98.38%|30075|7040|4|429|350
|349|loog|98.70%|65105|7038|39|225|673
|350|Blackzaum|99.58%|43099|7030|93|397|444
|351|Kaguyaaw|99.38%|71509|7029|110|888|2436
|352|Ariisu|97.34%|110893|7025|44|951|1090
|353|Lovvey|98.55%|46783|7024|4|356|675
|354|Soyokaze|98.74%|65288|7022|24|326|760
|355|Flames99Fs|98.89%|40956|7013|37|428|1242
|356|Sevigoth|99.12%|102549|7007|493|3172|788
|357|tabua|98.78%|61381|7003|24|439|748
|358|Heevo|99.17%|35277|7001|38|388|360
|359|Lenzo|98.42%|28795|6996|57|725|918
|360|- Sukii -|98.93%|54467|6989|52|362|658
|361|yuriramires07|98.22%|44241|6983|58|534|780
|362|janinha|98.81%|57905|6981|90|1019|693
|363|OnealGamer|99.09%|54806|6980|65|539|604
|364|Hijindoteki|98.43%|103752|6979|45|840|529
|365|Sign4l|98.71%|50470|6977|84|1245|977
|366|JaunBr|98.38%|40134|6974|31|371|338
|367|tfg50|99.67%|85852|6973|256|1281|1150
|368|Upload|98.35%|82323|6969|28|769|995
|369|Necroluttah|98.58%|61856|6969|60|572|646
|370|Renamon|98.09%|102085|6965|29|549|980
|371|KurayamiShiro|98.74%|54832|6965|69|521|630
|372|F4H|98.40%|34826|6965|7|553|554
|373|GabrielTr|98.73%|74842|6961|0|744|1210
|374|facedog|99.30%|104916|6955|298|1562|1672
|375|Ayuumi|99.16%|63564|6954|20|671|963
|376|Potato246|98.63%|52730|6951|42|1036|1443
|377|Free yourself|99.68%|88201|6943|177|944|623
|378|SpeedCZ_|94.42%|42268|6940|27|250|211
|379|Pedrinz7|99.23%|27114|6938|91|532|1175
|380|azurau|99.28%|53979|6936|151|653|1165
|381|Heinzen|98.91%|34372|6934|6|407|417
|382|NoobAim|99.15%|47269|6933|185|532|490
|383|Wauw_OwO|98.70%|32122|6932|30|573|853
|384|dresch2|98.53%|72600|6931|20|245|978
|385|Skylone|97.22%|86660|6930|34|394|960
|386|- Kaoori -|97.67%|90555|6926|29|984|1184
|387|sxe Lost|99.26%|58554|6920|156|812|494
|388|Gohan711|99.26%|59510|6918|74|1123|1342
|389|bobaudo|96.75%|46036|6915|66|271|394
|390|styIe|97.07%|56699|6915|2|112|202
|391|Crymore13|99.11%|55110|6913|165|2541|2717
|392|dated safadeza|98.68%|32578|6911|23|265|564
|393|T-Light|99.03%|59427|6910|115|434|267
|394|Jdmorrison1|98.07%|26883|6910|29|297|560
|395|Edu zatekenm|99.21%|92078|6908|54|501|719
|396|tutolag|98.68%|70150|6906|96|439|752
|397|Nonolism|98.10%|89832|6904|20|643|2052
|398|Boomchilinha|99.13%|51070|6903|27|479|104
|399|HayTuna|98.97%|71599|6903|5|351|1265
|400|yumiihsz|97.91%|22911|6900|33|269|262
|401|UoooU|99.28%|56806|6900|66|429|1007
|402|Yuki Elison|99.31%|106633|6899|208|1827|1696
|403|Leector|98.27%|62812|6897|37|708|843
|404|guga1000|97.54%|35038|6896|7|306|582
|405|shellyts|99.26%|59230|6892|46|558|1051
|406|S M I T H|98.84%|51288|6886|8|309|761
|407|MaathKuun|99.01%|63433|6878|21|682|844
|408|DearRemilia|95.81%|65114|6877|21|492|686
|409|-Nozomi Tojo|99.38%|149820|6876|130|883|1280
|410|JoaoLassance|98.69%|34148|6875|66|350|465
|411|MrTrolll|98.17%|43075|6873|40|724|764
|412|ijnek4|99.06%|92504|6869|45|706|1064
|413|Soziriss|98.82%|29890|6863|13|250|540
|414|Miyo Shizue|97.89%|51773|6863|76|633|1207
|415|Alisson|98.59%|95503|6861|12|975|828
|416|D_Pedroso|98.55%|44783|6860|27|597|894
|417|Funeral Fantasy|97.67%|25903|6859|54|332|317
|418|GremorySKILLS|97.76%|69225|6859|7|284|632
|419|cariucho|99.17%|35439|6858|35|394|593
|420|Yamakado|97.32%|52153|6857|13|206|353
|421|Taragotto|99.14%|79815|6849|114|1370|1690
|422|reekted|98.49%|36095|6847|14|425|646
|423|vls1337|98.44%|73392|6846|24|362|680
|424|GabrielSmK|96.32%|61952|6843|24|367|351
|425|finalbang4|98.34%|117178|6843|14|658|1537
|426|RaxTV|98.48%|146998|6841|139|1862|1976
|427|Miweum|98.95%|56950|6830|11|342|547
|428|Omersivi|98.80%|68021|6827|129|781|436
|429|Last Light|98.27%|48038|6825|33|235|790
|430|-Clown-|98.37%|35472|6823|17|445|715
|431|Miintysz|97.36%|33534|6818|23|672|928
|432|Cuckiezi|98.96%|108786|6812|75|939|964
|433|Harune|99.22%|29830|6809|90|598|1007
|434|RelliK|98.86%|43343|6804|24|244|776
|435|Suspecthy|98.32%|35545|6804|15|334|451
|436|vimy17|98.50%|36415|6801|51|420|728
|437|Zakken|98.57%|51851|6800|18|327|342
|438|im sleepey|97.69%|37435|6800|15|298|475
|439|oppressir|98.12%|27983|6796|122|1801|1936
|440|Okonar|98.72%|91118|6794|234|1744|2526
|441|Kwalice|98.38%|49280|6790|12|265|390
|442|Skull Kid|99.63%|48981|6782|137|720|816
|443|Nyukey|99.19%|64299|6780|98|776|1272
|444|zSaiph|98.32%|64832|6777|53|542|471
|445|Billmax|98.08%|98285|6777|114|782|969
|446|Takurusuma|99.34%|92287|6773|95|1648|1128
|447|bagaralho|98.95%|61396|6773|12|288|1472
|448|-Angra Mainyu-|97.83%|73930|6770|22|633|704
|449|Brenner|98.77%|56514|6762|88|546|678
|450|zsunmi|98.75%|37690|6756|7|507|260
|451|guuh1901|98.33%|113407|6754|87|591|1054
|452|- hiro -|97.91%|74991|6752|65|325|705
|453|guimelou255|98.83%|55570|6751|957|4913|1193
|454|ferreira on osu|98.40%|57402|6747|74|420|356
|455|DxSzik|91.45%|32989|6745|39|224|304
|456|Mut4nte|98.65%|72862|6744|22|411|599
|457|OcraM8|98.51%|52318|6743|29|721|430
|458|Aulow|97.96%|62492|6740|13|369|995
|459|TeteuViber|98.09%|59979|6733|48|635|523
|460|Rocket Sheep|97.96%|26332|6733|66|731|659
|461|Fred727|97.67%|113325|6733|91|719|910
|462|Lieafzera|98.11%|57957|6731|12|644|817
|463|cai0|99.34%|64219|6730|271|992|892
|464|Sanapri|99.25%|52113|6729|956|1411|574
|465|jujudima|97.77%|39051|6726|33|349|809
|466|Wolffzinho|94.23%|34708|6724|1|200|380
|467|blackdder|98.66%|68995|6717|90|592|1323
|468|FatalMusic|99.12%|82864|6715|211|2109|2646
|469|Azumi|98.65%|67667|6701|94|465|584
|470|HenriqueTheGod|98.84%|50064|6699|81|785|436
|471|Manu|98.77%|34257|6699|236|1393|1611
|472|Japa268|98.00%|68484|6697|18|487|1287
|473|Bheader|99.11%|19591|6695|13|175|277
|474|Angelsinho|98.99%|85923|6690|58|615|1356
|475|Jow|99.18%|46212|6688|107|543|1298
|476|Chuva|98.25%|63402|6684|13|371|742
|477|Haniemi|98.25%|74142|6683|14|820|1165
|478|Lesh|98.90%|66143|6681|53|640|748
|479|strike_elite|98.07%|51249|6680|8|292|380
|480|jfelipez|98.71%|121205|6680|19|320|439
|481|RvKn|98.36%|31356|6680|39|585|664
|482|mniao|97.99%|41257|6657|20|152|161
|483|Gmoffas|98.93%|30180|6657|15|518|605
|484|yolooowat|99.06%|35066|6654|71|506|348
|485|Bartneck|98.35%|45290|6650|8|406|1362
|486|JHiroshiK|97.10%|49874|6649|3|154|350
|487|Strxqqz|98.51%|46382|6647|38|428|483
|488|RatoFacilJik|98.12%|42033|6647|43|336|587
|489|LookPvP|96.79%|70917|6644|31|465|794
|490|Dantes Dem0n|99.11%|36081|6642|57|488|969
|491|AndreiSch|98.37%|50475|6640|119|905|1040
|492|OtakinhoDJ|99.03%|57054|6639|31|462|625
|493|MatheusHsD|99.43%|90977|6638|395|2395|2608
|494|Aino-Seiji|98.92%|67012|6633|75|627|1082
|495|Clohd|97.30%|63848|6633|65|463|421
|496|Rfortes|98.69%|54645|6633|37|630|924
|497|Snoo0w|96.51%|115998|6631|25|597|802
|498|xLeoSOULx|99.00%|98375|6629|52|719|803
|499|kindokunz|98.47%|29742|6625|15|310|1256
|500|AlexTroIIPsy|98.34%|83785|6624|164|1282|958
|501|ILoveYooU s2|98.81%|61960|6621|5|531|832
|502|ySuyy|98.20%|31881|6618|3|137|416
|503|Droke|99.17%|66205|6617|61|371|422
|504|Kirishima-|97.57%|57817|6614|5|569|700
|505|- Ex -|99.43%|116661|6613|178|657|1800
|506|catos_|99.07%|57206|6607|39|616|788
|507|Bikko is legit|99.43%|98853|6607|175|689|667
|508|- Aikawa -|99.45%|31599|6606|78|880|1892
|509|YuToMaFoo|97.65%|34898|6606|10|356|374
|510|Serial Dreemurr|99.20%|60742|6605|184|1597|911
|511|Dunha|96.15%|38834|6605|15|372|357
|512|detestavel|96.77%|27919|6602|11|421|1006
|513|xChaseKx|98.57%|81471|6602|63|585|401
|514|Susten1|99.14%|31667|6600|68|603|788
|515|HikeKnight42|97.95%|41096|6600|13|382|1061
|516|Kuon|97.42%|51689|6597|2|182|1060
|517|Lumina|98.95%|61604|6591|270|1014|397
|518|- CatJAM -|98.70%|43177|6586|107|591|666
|519|[Goku]|99.29%|84031|6586|31|789|816
|520|Leoshinoya|98.97%|60408|6585|40|766|782
|521|Gutorente|99.31%|68907|6580|112|833|977
|522|GaRuBR|98.51%|35201|6576|36|540|540
|523|Ridley|99.04%|42516|6575|389|2636|2790
|524|sanbolinha|97.94%|23081|6574|14|362|509
|525|Cheetos CS|99.47%|28253|6572|71|356|512
|526|Pinguim|98.94%|109537|6567|83|1164|2069
|527|N1colasfps|96.36%|47389|6565|24|439|918
|528|Romalex|98.69%|47645|6564|34|687|654
|529|Nekoraw|99.28%|80176|6563|586|918|425
|530|Sterbenslvt|98.60%|49654|6561|2|139|553
|531|xxtatsuxx47|99.14%|58032|6558|164|616|431
|532|Black Hill|98.73%|52023|6553|27|417|529
|533|Made_in_Brasil|96.30%|63118|6551|7|209|414
|534|NaionPlays|98.53%|76051|6550|20|443|596
|535|Azryel|97.10%|20433|6550|29|314|481
|536|Marximelo|98.28%|59813|6547|11|452|724
|537|XxmitozixX|97.01%|31667|6545|11|307|701
|538|Yumie|99.22%|68308|6545|44|893|817
|539|Setsein|98.22%|73170|6538|82|887|1336
|540|Tatiyama|98.81%|112436|6534|90|1550|1992
|541|shhy|98.71%|66863|6533|30|339|553
|542|wtfdoud|98.73%|81980|6530|89|539|1162
|543|3111|99.15%|33234|6528|40|530|1849
|544|Chabirosa|99.17%|62399|6524|38|811|1121
|545|Azuos|99.55%|133364|6524|165|536|1242
|546|Coconutt|98.73%|93114|6523|38|777|1862
|547|oh dear|99.08%|43635|6519|31|641|843
|548|Dokhan|98.69%|71689|6516|27|486|564
|549|Sildao|98.69%|94723|6515|61|1586|1131
|550|lucasdessy|97.90%|49706|6510|25|301|869
|551|zicaneto|98.27%|63245|6508|59|389|1031
|552|Tobisawa|98.13%|80342|6508|135|1090|758
|553|DouGGlas|98.62%|62647|6507|43|632|567
|554|celowz|99.03%|80240|6502|146|2253|1194
|555|Sobakedo|98.54%|32574|6500|11|144|390
|556|francorno|98.19%|49928|6498|15|439|592
|557|barrschd|95.83%|39066|6496|11|105|189
|558|Micol|98.15%|38433|6495|23|509|424
|559|stablest|98.71%|124596|6494|14|456|559
|560|Minoxs|99.00%|91775|6489|44|631|922
|561|-Entropy-|99.26%|90161|6488|383|2087|2132
|562|PlayPen|98.58%|35332|6481|49|890|997
|563|Keer0|97.70%|28817|6480|95|422|697
|564|Marshall1237|99.23%|76009|6479|28|1205|1729
|565|xTj|98.70%|38784|6474|64|814|350
|566|Kyriony|98.52%|67561|6471|60|607|853
|567|momoyo-san|98.94%|100107|6470|25|767|684
|568|zarakisenpai|98.67%|44999|6468|32|305|186
|569|Lili Fanboy|96.56%|48956|6466|26|252|579
|570|PixelRafael|99.10%|60737|6465|29|522|408
|571|kireinasora-kun|98.83%|71006|6463|16|413|818
|572|Raidenario|96.56%|8021|6463|7|31|146
|573|DavzN|97.84%|20770|6463|43|427|677
|574|DigaoRD|97.68%|29571|6462|3|199|204
|575|[Yuzo]|98.04%|54356|6460|28|324|364
|576|xShielder|98.63%|52731|6460|66|834|832
|577|Magendo|99.05%|136070|6459|160|887|758
|578|Papa jones|98.72%|44444|6454|71|555|1009
|579|poyukeke|98.22%|56426|6451|12|203|125
|580|Hugobatistag|99.02%|37998|6446|40|387|763
|581|Reloaded810|98.76%|46420|6444|120|670|1162
|582|SemNickh|98.42%|93183|6444|151|845|606
|583|salame64|99.40%|60640|6442|187|868|762
|584|LeyDrenu|98.93%|70588|6441|17|409|625
|585|kakemac1111|98.31%|50738|6439|204|724|417
|586|RedSpyBR|98.43%|84130|6439|13|592|1158
|587|JKender|97.05%|32468|6438|75|268|282
|588|kalraken|98.60%|69897|6434|42|824|1935
|589|Axiey|97.75%|30443|6434|16|231|496
|590|jhonddr|98.68%|99851|6434|306|1630|881
|591|-howdy-|97.98%|72947|6433|33|718|1101
|592|No Clicker|97.04%|24580|6432|45|465|629
|593|Issundeiole|97.60%|61524|6429|8|310|1076
|594|Ncookie|99.01%|26662|6423|66|1131|1255
|595|gustavoghh|96.29%|96249|6419|48|805|452
|596|MrCakeBr|97.86%|28888|6419|11|230|480
|597|[ Roku ]|99.18%|35320|6418|34|394|530
|598|sarachine|99.21%|62673|6416|105|698|1052
|599|apolosenpai|99.34%|42038|6408|52|474|690
|600|Aineder|96.53%|110699|6408|24|387|780
|601|555Vitor|98.32%|25392|6405|15|473|721
|602|Kobek|99.07%|51581|6400|18|168|886
|603|Jik|98.91%|84758|6393|61|720|1612
|604|Ganimedes|98.55%|45986|6391|32|511|1125
|605|Tore|98.54%|62422|6390|18|414|962
|606|KunkSama|98.74%|95576|6389|34|1401|1639
|607|Menoussue|97.82%|74293|6388|37|711|1397
|608|Geru|99.13%|105482|6383|315|1523|1631
|609|- Lilith|96.70%|46606|6381|4|179|627
|610|Nexus-|99.03%|83582|6379|37|742|1539
|611|danilo5d|95.95%|24846|6378|21|283|378
|612|Jaum|99.19%|62382|6374|117|975|1068
|613|Mr Capuccino|97.25%|27299|6374|28|678|1106
|614|deftsu|99.17%|32170|6370|49|427|338
|615|Stailler|99.32%|103998|6370|123|947|1575
|616|TigaJun|97.92%|32333|6368|37|669|735
|617|- Lamp -|99.31%|71312|6363|258|1845|1987
|618|mere|98.35%|39534|6363|32|513|867
|619|Rayner|97.81%|29981|6361|23|402|511
|620|PizaB0Y|97.99%|30463|6359|7|176|534
|621|darke|97.29%|50523|6357|19|112|242
|622|esoragoto|99.63%|131043|6356|529|223|279
|623|Rafacar|98.94%|73379|6349|498|2278|893
|624|deidarasz|98.90%|59051|6346|33|549|789
|625|Katsutf|98.65%|96392|6346|44|908|1269
|626|Avaracia|97.79%|51313|6344|11|258|400
|627|WhisperOnn|98.74%|74685|6344|41|834|643
|628|Riloiro|99.29%|29564|6344|131|963|334
|629|Yuukii-san|97.85%|45979|6343|10|246|635
|630|Makawais|98.69%|202951|6341|514|1131|1166
|631|DoTrO|98.67%|52463|6340|25|343|1496
|632|HeBorn|98.53%|59539|6339|43|906|1054
|633|Kingri|99.16%|62361|6337|35|464|538
|634|iagoice|98.62%|117474|6337|46|520|1431
|635|Neko Nii-chan|98.91%|40388|6336|3|655|1160
|636|dragox6|98.44%|38554|6335|4|252|274
|637|-Yuyuko|97.48%|37927|6334|36|508|437
|638|TrygveBr|98.94%|27573|6334|16|270|579
|639|Cenoura0907|97.95%|54605|6332|13|251|444
|640|Valacauss|98.16%|37555|6331|46|474|633
|641|WarriorGamer99|97.57%|28488|6328|5|219|352
|642|Piratex|98.76%|59950|6327|37|491|749
|643|bes_1|98.40%|32517|6324|11|172|430
|644|McSenzala|98.57%|33553|6322|16|304|472
|645|Vopz|99.34%|81766|6322|138|1283|1381
|646|sqw123ju|98.70%|46362|6321|27|494|1051
|647|wobblu|99.24%|38362|6318|42|569|483
|648|AlpacaPiruleta|96.51%|57333|6318|36|206|269
|649|VERDAODEUS|96.67%|79458|6316|6|176|475
|650|Fmurata|98.98%|61572|6314|23|547|603
|651|Blackiez|99.50%|17531|6314|155|930|627
|652|delrio69|98.70%|39163|6304|9|334|583
|653|-Raiden-|95.39%|35761|6302|5|142|327
|654|nagalupus|98.82%|39391|6301|49|997|390
|655|BRGThiago|99.56%|47294|6298|117|668|536
|656|Jester2K|96.76%|33984|6297|5|179|382
|657|jaodeda|99.33%|83851|6296|326|634|414
|658|pedrojacks02|98.58%|43540|6295|21|686|588
|659|_Kyuri|98.61%|55855|6284|68|791|1896
|660|_Nagaaa|98.40%|53803|6283|9|266|338
|661|jmarcos02|97.82%|55465|6276|22|624|761
|662|ph1x|98.22%|45037|6269|16|218|268
|663|NortonBlue|98.48%|49691|6266|41|327|287
|664|Neymarcus|98.85%|56085|6265|29|693|723
|665|Wagakki|98.18%|59649|6265|84|880|1303
|666|January 25th|98.43%|54154|6259|22|1081|1327
|667|Shinoum|98.77%|46483|6255|20|261|534
|668|metangross|98.87%|61835|6250|39|1024|1219
|669|Liruz|98.67%|35002|6250|149|1327|1189
|670|Chaped|98.99%|58800|6249|36|376|1551
|671|antedeguemonn|99.56%|45129|6247|76|327|545
|672|ajzanfa|98.80%|24890|6244|28|316|568
|673|Solanastar|97.19%|39915|6244|5|185|376
|674|Carioca_|99.27%|114451|6242|157|1018|1384
|675|davidasilva123|98.92%|91625|6238|17|626|715
|676|s0nolento|99.22%|113628|6237|50|705|372
|677|Ghost_Potato|98.83%|40353|6236|22|311|751
|678|Moriuchi1527|98.85%|7582|6235|2|64|190
|679|TheFireStormV|99.08%|46277|6235|43|409|589
|680|chsedd|98.05%|33952|6235|14|218|281
|681|Im Striker|95.76%|83864|6232|4|319|349
|682|GabiBoltZ|98.09%|24527|6231|30|644|658
|683|Toxyri|97.94%|81916|6229|22|535|1496
|684|Marduk|98.87%|34263|6228|37|619|888
|685|-gigi|99.22%|56334|6225|30|561|709
|686|Leo Cry|99.47%|49236|6221|184|1496|1652
|687|Gowtheer|98.37%|37424|6221|15|284|439
|688|-Number|98.36%|60980|6219|25|974|1769
|689|-Miiro-|98.65%|88446|6218|54|675|366
|690|xXGordinNubinXx|98.74%|35325|6215|17|448|564
|691|Denkigai|98.79%|66322|6215|23|630|1366
|692|AlosOnDanse|98.93%|48785|6213|51|382|783
|693|Lion1536|99.25%|60559|6213|88|720|441
|694|powerstream89|98.81%|56696|6211|103|1250|1709
|695|DinhooS|99.06%|75438|6203|30|1030|201
|696|-LF-|97.85%|53086|6202|3|71|261
|697|D0UG|99.02%|54350|6194|269|921|1043
|698|RafaExtreme|97.53%|33229|6190|19|506|528
|699|iMiingz|99.13%|51128|6180|107|838|955
|700|BlackStar341|99.10%|46468|6177|112|560|1407
|701|hopozin|98.58%|43110|6175|37|813|1330
|702|Raskii|99.08%|87493|6172|37|780|1120
|703|HUTZ49|98.84%|33324|6169|43|485|531
|704|Hillclimb|98.54%|50595|6166|87|521|1729
|705|-willpower|98.67%|67820|6166|33|673|1166
|706|Azen|97.07%|25104|6165|1|82|538
|707|yEnderCraft|98.26%|35429|6158|48|541|838
|708|-Heartless-|97.89%|61063|6157|18|1084|603
|709|sabamiso on osu|99.06%|42167|6157|31|553|703
|710|Bariton|98.53%|45412|6154|137|884|618
|711|Viruz|98.87%|40690|6152|63|920|1230
|712|casteloratimbum|97.39%|22644|6150|3|200|525
|713|harunya|98.54%|30371|6150|70|610|324
|714|rastsune|98.95%|36036|6148|24|114|550
|715|JP-Show|98.62%|32281|6145|19|476|848
|716|[O]nLy|99.26%|38876|6144|69|744|713
|717|ninjavenom|98.44%|48542|6140|13|635|1194
|718|_Flakes_|99.06%|38640|6139|13|423|694
|719|M - Jay|99.01%|133436|6139|128|1918|1624
|720|Pipomok|96.66%|65878|6138|6|137|546
|721|zfireee|98.78%|100738|6138|48|417|1069
|722|KiritoBadass|97.79%|41322|6134|90|930|585
|723|AdestraLhama|98.09%|21768|6129|5|368|1377
|724|Iago G Cruz|99.23%|93491|6122|51|919|790
|725|RevereNeo|96.64%|26331|6121|36|457|750
|726|My Angel-Koishi|97.92%|32025|6120|166|303|1130
|727|negobola|98.74%|65176|6118|26|424|689
|728|[Akemi Hime]|96.96%|62036|6118|26|784|898
|729|JABIRIGUIBARETO|99.17%|50109|6118|156|851|1019
|730|LeoOdrano|98.62%|64218|6117|40|360|1078
|731|thacer|99.36%|19755|6115|112|495|735
|732|Kento|98.89%|61261|6112|52|595|508
|733|Roseeeh|98.20%|65470|6110|56|293|672
|734|Onk|97.46%|50546|6110|38|366|363
|735|picel|99.01%|34102|6109|65|473|680
|736|-Danns|98.74%|126663|6107|91|1021|1212
|737|TriksGame|99.14%|61166|6106|203|1409|1157
|738|BKGsyfi|98.25%|44880|6105|17|645|896
|739|suupergoku|99.01%|65046|6105|52|510|1304
|740|LioHeraclesun|99.14%|65694|6104|34|756|690
|741|Moffle|98.45%|37012|6103|111|635|1029
|742|- Blackstet -|99.14%|86813|6099|17|507|1303
|743|ShuNosh|98.35%|86294|6098|29|389|924
|744|Sileighty|98.75%|29325|6096|10|208|709
|745|Dinnerboins|98.51%|18068|6087|73|825|612
|746|XxXpauloXxX|98.74%|50888|6085|23|345|628
|747|_Gui|98.54%|43168|6085|36|405|730
|748|Iucany|98.78%|33472|6081|10|283|722
|749|Yuichanx|97.81%|53168|6079|33|962|2401
|750|blueballoooon|99.70%|61110|6077|418|837|217
|751|opit|97.19%|43432|6076|47|376|688
|752|YuutaSakurai|98.65%|45870|6076|51|584|581
|753|D0PE|98.81%|57553|6076|21|493|920
|754|Fernzz|99.33%|77506|6075|89|476|439
|755|Gabriven|98.04%|74763|6071|25|542|442
|756|Otaru MeeM|98.82%|24839|6071|7|267|872
|757|zCoelhoGamer|97.30%|48944|6070|8|164|149
|758|MoonEater|98.64%|58782|6070|257|1850|897
|759|harukiweeb|97.84%|32032|6069|6|360|327
|760|autokratos|98.30%|11735|6067|17|181|377
|761|mihawkx|98.97%|38781|6067|25|424|1337
|762|VinnyynniV|97.39%|51174|6062|89|505|1391
|763|BattlePig|98.68%|35813|6060|25|404|1191
|764|beise|98.62%|51779|6058|14|262|624
|765|Kaneek0|98.18%|59289|6058|84|696|1135
|766|kaiserbr|98.96%|58006|6051|15|510|331
|767|Egfs|98.65%|54129|6049|45|289|403
|768|O p p a i s|98.63%|46059|6045|6|180|1104
|769|Kanexy|98.97%|58103|6045|52|729|579
|770|_Rk|97.44%|55268|6045|13|232|686
|771|supercazi|98.20%|43761|6044|24|603|840
|772|TakeitSlower|99.42%|18692|6043|64|205|185
|773|luscajooj|98.66%|34632|6043|24|557|831
|774|EdgyKing|98.88%|94515|6043|16|483|689
|775|miguel78921|99.13%|24766|6041|34|449|423
|776|YadomiYuu|98.30%|31533|6041|54|751|363
|777|- Pecas -|98.57%|42007|6041|22|269|649
|778|ItaloSM22|99.44%|53062|6039|50|479|971
|779|MLkFnz|98.37%|22404|6037|13|201|254
|780|AlideSama|97.29%|47073|6030|3|267|396
|781|_TheGamerBR_|97.85%|8862|6029|25|197|302
|782|Nacarato|98.65%|60380|6029|64|522|1294
|783|- Stax -|98.51%|38064|6027|15|317|426
|784|rth|99.27%|41735|6027|22|545|923
|785|lhn in osu|97.89%|31805|6024|20|190|392
|786|black seal|98.31%|59185|6020|6|303|681
|787|angelrawr|99.35%|26388|6019|53|549|1184
|788|nicas|99.20%|35655|6017|53|653|1599
|789|Dondos|96.92%|19105|6016|5|264|487
|790|locolu|99.06%|50380|6014|31|470|687
|791|Gabriel1042|98.70%|62265|6014|169|1326|572
|792|Eterno|98.59%|35173|6012|30|357|876
|793|LightGamer8|97.52%|113628|6011|29|368|484
|794|driguzera|99.23%|48270|6006|130|1011|643
|795|VeyHaru|99.01%|29929|6004|37|602|725
|796|jairocor|98.76%|96925|6004|163|2165|791
|797|ihncft|99.05%|41344|6003|170|1678|3077
|798|GaPje|98.55%|46823|6003|47|704|841
|799|Cilvao|98.39%|46487|6003|21|1090|1263
|800|Cnys|98.89%|57032|6003|96|1219|2047
|801|matmagc|98.67%|49817|6001|47|1491|1852
|802|Lirumin|97.25%|43787|6000|57|462|566
|803|Ksnone|98.05%|43851|5998|32|473|468
|804|[ Hope ]|99.29%|31017|5997|26|501|596
|805|tega no mac|98.95%|67241|5996|35|319|1406
|806|Batatin|98.40%|38453|5994|20|503|1147
|807|Splou|98.96%|41103|5992|15|325|1244
|808|KioPngh|99.28%|23386|5989|50|476|432
|809|N1ckzzzz|98.29%|34185|5988|28|248|488
|810|flower requiem|97.61%|39199|5987|0|121|483
|811|LucasBraga|96.73%|66594|5987|12|142|381
|812|FirexD|98.13%|97330|5981|8|236|385
|813|ZK4SH|98.81%|88773|5978|39|632|2531
|814|NeerooXD|98.38%|117923|5968|70|676|1078
|815|LikeaBossGames|98.49%|44428|5966|28|427|432
|816|Mintzer|96.49%|39766|5959|12|247|653
|817|keepbad|98.55%|77959|5955|20|493|1154
|818|Jukazin|96.76%|14607|5954|7|218|156
|819|andrehuk|98.78%|53510|5953|79|741|726
|820|-YUYU|98.73%|89341|5953|236|722|564
|821|Lolyn|99.39%|18215|5951|783|689|263
|822|Mookie|98.80%|94555|5948|22|115|439
|823|iFaasting|98.94%|39623|5947|57|421|626
|824|-Shirotora|98.13%|51162|5947|14|369|755
|825|podence|98.17%|33547|5945|7|318|644
|826|Kitoro|98.02%|100497|5941|261|1353|736
|827|RaPHa000|98.35%|59586|5941|11|161|421
|828|Sire saol|98.85%|139607|5940|59|385|732
|829|Mr_isoppor|98.20%|33426|5939|95|418|830
|830|QuaquePro|98.44%|66679|5936|12|337|577
|831|Mishinho|97.81%|20648|5934|4|334|1006
|832|zotoxeter|98.45%|28800|5933|16|222|816
|833|GabriC04|98.94%|37797|5933|11|229|324
|834|MrLalauzin|99.16%|24030|5928|23|267|380
|835|GameTimeGui|98.24%|12388|5926|5|134|143
|836|PNXK1ller|98.21%|48888|5924|14|212|652
|837|Devilnipo|98.70%|57644|5916|28|1079|3099
|838|subaco|97.61%|14225|5915|11|284|522
|839|SilasF4xy|99.38%|22842|5915|112|511|503
|840|Chey|98.64%|43705|5910|113|796|375
|841|Pones2|96.42%|52739|5904|41|526|527
|842|-Smine-|98.59%|66316|5903|55|1099|1236
|843|-Shake|98.51%|54324|5903|18|300|631
|844|skkrs|98.18%|46637|5902|25|307|451
|845|KobbyTFG|98.57%|70459|5897|11|257|687
|846|Abyduss|96.24%|28387|5894|2|204|177
|847|Askaik|97.45%|71386|5893|17|593|769
|848|Nyous|97.35%|115275|5890|31|765|1221
|849|Choosecake|98.79%|76089|5890|102|1007|1481
|850|necromancer|98.39%|63539|5890|22|488|659
|851|Fusyon|98.66%|77341|5880|14|368|684
|852|darken1|98.45%|77092|5879|44|1043|1789
|853|-Yukari|98.97%|74754|5876|21|393|552
|854|Healer|98.22%|96318|5876|41|791|1304
|855|Medzy|97.95%|43795|5875|9|461|595
|856|victorpenha|99.16%|59117|5866|16|389|678
|857|Andreibr123|99.28%|62529|5863|84|343|254
|858|CORCUNDA|97.93%|24658|5862|3|162|495
|859|- S h i z u r u|98.39%|50635|5860|22|370|448
|860|TafaBR|97.75%|24165|5860|12|140|120
|861|PESTE|98.09%|74125|5860|88|1001|1621
|862|FluffYzin|97.61%|38292|5859|18|192|724
|863|Mikky|97.75%|43735|5859|40|341|834
|864|fenix_revoluxon|98.98%|27443|5857|4|127|310
|865|Yone No Yuno|98.07%|48233|5856|37|347|786
|866|LuccksMC|99.02%|47771|5856|13|325|1044
|867|Augart|98.52%|53614|5853|78|818|1230
|868|MiniTet|97.49%|41326|5849|534|611|648
|869|im myself|99.19%|45736|5848|25|538|1565
|870|kasikawa|99.05%|37433|5844|26|481|850
|871|JapaneseGuy|99.43%|69290|5843|93|447|413
|872|CHIPRAUSKI|98.31%|24782|5841|4|328|647
|873|goats|97.16%|45879|5840|57|353|285
|874|JuGu|99.38%|20647|5840|86|476|809
|875|Jibou|99.21%|46433|5837|48|515|1125
|876|muuu|98.32%|21087|5832|42|428|328
|877|Sharpay|98.31%|38810|5823|18|161|160
|878|Ayw|97.71%|17426|5822|26|190|262
|879|HzeroH|97.97%|41771|5820|23|315|353
|880|sanjayubr|98.04%|58217|5820|2|194|564
|881|the osuler|96.38%|30627|5819|17|86|369
|882|Karl Marx|98.46%|37008|5818|17|190|388
|883|Kadran|97.77%|105389|5814|55|1195|1262
|884|SOMMS|98.91%|24555|5814|10|146|505
|885|thgamer000|98.96%|22645|5811|15|458|115
|886|Silver Eyes|98.52%|113465|5810|396|2285|784
|887|choco milk|99.02%|20589|5806|104|572|780
|888|Kaiden Mikami|97.98%|28913|5804|50|714|598
|889|Tonhao|97.00%|47107|5803|15|213|626
|890|DoutorPastel|99.19%|32788|5802|16|400|1358
|891|Caio|97.83%|35605|5797|52|1069|1022
|892|Trickzord|98.20%|36741|5797|37|435|485
|893|CaveEternity2|97.84%|47157|5797|7|269|592
|894|joaoqcouto|98.60%|40224|5796|37|813|394
|895|taodead|99.24%|86984|5796|51|959|328
|896|[-nugnu-]|97.58%|66349|5794|6|335|337
|897|LooksLight|99.22%|19615|5794|27|477|359
|898|- Asta -|99.09%|28331|5792|10|425|618
|899|Lesirus|98.97%|50421|5789|12|280|612
|900|Escudeiro|96.16%|39837|5788|195|788|496
|901|xlRodrigo|97.70%|31991|5782|18|337|423
|902|xMelonpantsu|97.58%|26473|5778|15|308|991
|903|ForceFX|98.66%|53535|5777|16|289|329
|904|QuakUwU|97.67%|26547|5776|11|297|458
|905|kopimopi|98.45%|12843|5772|21|530|753
|906|Bikkie|98.95%|44309|5771|79|493|353
|907|theonix|98.16%|64433|5770|14|452|986
|908|otavios|99.29%|36780|5770|26|468|512
|909|thikfs|98.17%|49701|5769|37|554|1339
|910|kiachi|99.29%|55320|5769|45|663|1081
|911|- Arkin -|99.12%|33158|5768|21|269|394
|912|Daikinho|99.01%|49346|5768|19|371|585
|913|[ Neopolitan ]|98.97%|42592|5768|24|249|563
|914|Nicki-San|98.02%|51237|5766|10|297|743
|915|P-pudim|99.07%|54326|5765|100|637|728
|916|zLuiiz|98.41%|26291|5762|9|395|291
|917|rre4952|99.28%|39100|5762|40|493|968
|918|Fantasmapo|98.94%|20876|5759|36|216|529
|919|Classified vip|97.54%|27023|5758|22|299|407
|920|SaiderrrHD|98.55%|41202|5757|28|559|796
|921|Phylon_|98.58%|28617|5757|10|486|1275
|922|suspequiti|98.70%|45708|5757|73|955|1405
|923|Buduga1|99.00%|25235|5755|41|541|576
|924|stold|98.63%|56640|5754|21|279|843
|925|Mathizx|98.03%|24057|5753|15|216|635
|926|Chariot|98.69%|44213|5751|35|668|1183
|927|NinjaX1|98.44%|55697|5744|51|873|532
|928|PabloDS|99.18%|39231|5741|158|690|308
|929|TikaW|97.58%|82119|5730|9|262|640
|930|MateusCoxinha|97.35%|46005|5729|19|283|506
|931|Danieltron|97.43%|43598|5729|8|240|470
|932|Lovely Despair|98.59%|63159|5727|15|246|281
|933|Soltei Ue|98.43%|43228|5725|13|526|848
|934|ZuniXistren|98.44%|61226|5725|185|1131|1360
|935|esudesu|98.51%|8158|5723|28|223|364
|936|Leozek-|98.75%|45123|5721|13|259|334
|937|Kannah_BR|95.75%|24557|5721|20|270|387
|938|WasdL8|97.44%|71899|5715|19|412|426
|939|Daahraah|98.12%|59971|5707|76|476|573
|940|Trevo|98.82%|28491|5707|57|505|1318
|941|M a f u y u|98.98%|41299|5698|71|1060|1206
|942|macjack|98.80%|88694|5696|26|382|813
|943|senanz|99.30%|55713|5696|32|315|881
|944|MyLove|99.01%|74152|5693|211|1448|438
|945|Kisuni|98.40%|39446|5693|22|400|666
|946|Ninjaseanster|97.49%|20747|5692|13|308|563
|947|akayamura|96.99%|25615|5691|56|420|861
|948|-Holo|98.51%|74077|5691|9|525|1276
|949|vitorhelleet|98.13%|79906|5691|74|548|700
|950|My HDHR Sucks|99.25%|96448|5691|109|766|1692
|951|saalyx on osu|97.64%|22112|5690|9|229|457
|952|Pratasz|99.22%|48034|5690|62|627|461
|953|Domiuau|98.12%|51806|5690|26|409|847
|954|-Yagura|99.43%|41936|5687|93|734|865
|955|bieel|98.06%|43685|5686|14|528|481
|956|Illusion|97.95%|29216|5679|18|454|843
|957|apolin1Juro|98.72%|61181|5678|9|524|735
|958|-insomnia-|98.87%|36397|5676|15|371|1121
|959|PicaPau2|97.18%|31479|5676|21|707|509
|960|firemonstruoso|97.43%|27343|5673|2|209|525
|961|LTPHeky|98.93%|26046|5671|27|233|710
|962|Cartmanzin|98.73%|46027|5671|28|741|599
|963|mrdarkplays|99.33%|22011|5670|174|878|1040
|964|insyde|98.55%|21316|5670|23|395|706
|965|ladywarrior23|97.50%|42141|5669|24|724|761
|966|Slooopy|98.32%|52863|5667|30|943|1424
|967|JxEhlo|98.14%|50810|5666|39|505|724
|968|Kingnan|96.03%|82049|5665|18|317|515
|969|Dylaann23|97.97%|37070|5665|13|215|1105
|970|P1mBa|98.57%|28881|5665|14|518|435
|971|eghoist|96.17%|29400|5664|2|88|428
|972|MilkShakesonz|99.26%|54545|5661|22|452|523
|973|NelsonGomesNeto|99.45%|58037|5657|185|1489|172
|974|Cubzy|99.38%|33270|5657|37|350|100
|975|DraconBr|98.90%|37442|5656|32|386|328
|976|LordOfPao|98.44%|27075|5656|70|1460|735
|977|Smootysz|97.82%|36806|5655|17|215|272
|978|Meronyth|98.77%|68970|5655|40|1045|1848
|979|Lezinho|99.04%|48286|5654|32|483|1119
|980|rezzzz|98.60%|20193|5653|16|233|591
|981|Pintoso|98.75%|83198|5652|43|542|1503
|982|vTr|99.13%|35119|5652|24|369|525
|983|cristianmad98|99.45%|30936|5651|62|322|462
|984|BRIQUEZ23|98.77%|63176|5650|245|746|1039
|985|Julvins|99.06%|65994|5649|108|634|505
|986|ryumn|98.71%|53880|5648|4|447|846
|987|w23ie434|98.86%|30415|5647|20|213|311
|988|Potatolism|98.30%|67451|5647|4|390|467
|989|AndreSlayer12|98.05%|38506|5645|20|355|553
|990|realsoap|99.06%|49685|5643|5|161|360
|991|EPILEFii|99.04%|74696|5639|52|381|250
|992|Doooonnnn|97.36%|15995|5639|11|199|253
|993|ValloVal|98.13%|7906|5634|1|198|153
|994|MalandroDoOSU|99.08%|53126|5630|85|578|770
|995|Narya|95.59%|46557|5628|16|271|358
|996|Lhudo|98.55%|74525|5626|101|446|700
|997|Aetheris|98.45%|39636|5620|21|1502|995
|998|Stonaaz|99.27%|67496|5620|90|691|1348
|999|Italoo|99.16%|33138|5616|41|508|671
|1000|Metabolic|98.72%|27729|5616|6|283|382